-21.4748 0
-20.2208 0
-18.9669 0
-17.7129 0
-16.4589 0
-15.205 0
-13.951 0
-12.697 0
-11.443 0
-10.1891 0
-8.93511 0
-7.68114 0
-6.42716 0
-5.17319 0
-3.91922 0
-2.66525 0
-1.41128 0
-0.157309 0
1.09666 0
2.35063 0
3.6046 0
4.85858 0
6.11255 0
7.36652 0
8.62049 0
9.87446 0
11.1284 0
12.3824 0
13.6364 0
14.8903 0
16.1443 0
17.3983 0
18.6523 0
19.9062 0
21.1602 4
22.4142 100
23.6681 162
24.9221 225
26.1761 229
27.4301 228
28.684 230
29.938 185
31.192 174
32.4459 138
33.6999 127
34.9539 110
36.2079 84
37.4618 89
38.7158 89
39.9698 68
41.2237 63
42.4777 51
43.7317 50
44.9857 57
46.2396 39
47.4936 38
48.7476 35
50.0015 37
51.2555 35
52.5095 26
53.7635 23
55.0174 28
56.2714 24
57.5254 17
58.7793 21
60.0333 26
61.2873 27
62.5413 22
63.7952 19
65.0492 12
66.3032 19
67.5571 8
68.8111 7
70.0651 14
71.319 17
72.573 19
73.827 11
75.081 11
76.3349 7
77.5889 14
78.8429 13
80.0968 5
81.3508 11
82.6048 6
83.8588 7
85.1127 6
86.3667 12
87.6207 4
88.8746 13
90.1286 10
91.3826 7
92.6366 12
93.8905 5
95.1445 14
96.3985 6
97.6524 6
98.9064 6
100.16 3
101.414 8
102.668 5
